SERIAL:0.000020
PARALLEL:0.001930
Efficiency: 0.001047
Speedup: 0.010471
