SERIAL:9.737542
PARALLEL:2.204738
Efficiency: 0.441664
Speedup: 4.416643
